Brands,,,,
,Diapering ,Transportation ,Nursary Furniture ,BABY_feeding 
,disposable diapers,infant car seats,full-size cribs,baby food
Huggies,training pants,convertible car seats,mini cribs,bibs 
Pampers,swim diapers,harness booster car seats,crib/changer combo,burp cloths
up & up,cloth diapers,belt-positioner car seats,convertible cribs,bottle feeding
gDiapers,changing pads & covers,bunting bags,Bassinet,breastfeeding
Charlie Banana,diaper pags,car seat accessories,Bedside Sleeper,formula
Skip Hop,diaper pails & refils,car seat bases,crib conversion rails,baby food prep
Baby Trend,wipes & warmers,car seat toys,crib mattresses,sippy cups
Britax,diaper organization,"double, triple & quad strollers",,booster seats
Chicco,diaper creams & ointments,full-size strollers,,feeding pillows
Evenflo,potty training,joggers,toddler bed,highchairs
Graco,,lightweight strollers,travel bed,nursing intimates
Baby Trend,,stroller accessories,crib liners,pacifiers
,,car seat carriers,baby bath,teethers
Boppy,,,bath toys,breast pumps
Earth’s Best,,,bouncers,milk storage
Enfamil,,,,nursing covers
Gerber Organics,,,,nursing stools
Medela,,,,soothers
Similac,,,play mats,
Summar Infant,,,,
Gerber,,,floor seats,